[Properties]
Registered=0
StackMethod=0
BiasImage=
DarkImage=
FlatImage=
StackSigma=1.500000000000000
StackIterations=4
StackBlurMethod=0
DynamicObjHistCmpMethod=3
DynamicObjHistNorm=10000.0000000000
DynamicObjMatchMaxFwhm=7.0000000000
DynamicObjMinDistMatch=6.0000000000
ObjDynamicsMagTol=0.0040000000
ObjDynamicsKronFactorTol=0.5000000000
ObjDynamicsFwhmTol=0.0200000000
PathDevAngleTolerance=180.0000000000

[DynamicObjectsPath]

